-6.214100 2.055300
-6.260700 2.638800
-6.026200 1.793400
-5.911300 1.712600
-5.908100 2.158700
-6.363200 1.628300
-6.415300 1.211800
-5.940100 2.022700
-5.811700 1.989600
-5.599100 2.302100
-6.232600 2.234000
-6.631300 1.976900
-6.144700 2.075000
-6.461700 2.034300
-5.572700 2.167400
-6.035200 1.492000
-5.374000 1.424000
-5.533800 2.259600
-6.582700 1.370400
-5.884800 1.626500
-5.461000 2.369600
-5.991200 2.204900
-5.582200 1.772800
-5.956200 1.952600
-6.603800 1.649700
-6.288100 2.117000
-6.661800 1.803700
-6.305800 2.148800
-6.989900 1.871400
-6.337400 1.677100
-5.564500 2.321200
-6.239300 1.840600
-6.224400 1.562400
-6.134900 1.929400
-5.521400 1.771900
-5.662900 2.158000
-4.929200 2.263700
-6.197000 2.411700
-6.803500 1.458500
-6.115500 1.564200
-5.803800 2.282200
-6.172600 1.741900
-5.631900 1.680100
-5.343600 2.365100
-6.878500 2.135100
-6.367700 1.463700
-5.698300 1.958900
-5.659200 1.923800
-6.101600 1.031500
-6.021800 1.586600
-6.126200 1.365400
-5.833300 2.179300
-5.951300 1.686200
-5.897300 2.170200
-6.296900 1.977100
-6.003000 1.898600
-5.945000 1.623600
-5.983000 1.885200
-5.850300 2.029600
-5.792200 1.704400
-6.599100 1.989000
-5.923400 2.281000
-6.525400 1.445900
-6.056200 2.451100
-5.417100 2.080700
-5.820500 2.100500
-5.507200 1.311500
-6.225000 2.090600
-6.240700 1.947400
-5.834800 2.032600
-6.584500 2.101700
-6.720200 2.468800
-5.999500 1.822900
-5.984200 1.732300
-5.913100 1.865400
-5.853900 2.457100
-5.877300 1.741400
-6.089000 2.075900
-5.214200 2.836600
-6.545100 1.608100
-6.482200 1.017000
-5.639100 1.987700
-5.713200 1.750400
-5.620000 2.319400
-6.461800 1.227100
-5.778400 1.057400
-5.995200 1.509700
-6.146700 2.199100
-5.695900 2.202800
-6.040500 1.691400
-6.631200 2.294700
-6.170300 1.902700
-5.044900 2.137200
-6.348100 1.796200
-5.761900 1.968200
-6.528600 1.388600
-5.440600 1.993600
-6.466500 2.145500
-6.486600 1.610500
-6.255900 2.065900
-6.346500 1.685600
-5.876600 2.815100
-5.973300 1.945500
-5.873100 1.308600
-6.386700 1.580700
-5.698800 2.302700
-6.438500 1.862500
-5.805100 1.558800
-6.464400 2.761900
-5.709200 2.281900
-6.052800 2.612300
-5.837000 1.990800
-6.287600 1.033200
-6.149800 2.159600
-5.980300 2.065100
-6.496700 2.354300
-5.672000 2.094200
-5.345200 2.184900
-7.113300 1.935100
-6.120400 1.507000
-5.423800 1.784300
-6.354300 2.105100
-6.190600 2.626500
-5.976700 2.950900
-5.296600 1.819400
-5.917700 1.918200
-5.947000 1.520000
-6.204200 2.171000
-5.662800 1.485800
-5.711800 2.136200
-5.942500 1.863000
-5.225100 2.690400
-6.364500 2.143000
-5.650700 2.209400
-6.331500 2.312300
-5.624400 2.476400
-5.423400 2.229700
-6.210800 2.174700
-5.920200 2.216100
-6.042000 1.413500
-5.801500 2.172300
-5.801400 1.691700
-6.738700 1.777900
-6.313000 2.283900
-5.715600 1.967000
-6.331000 1.717900
-6.843500 2.575000
-6.970100 2.143000
-5.440500 2.251900
-6.447300 2.085700
-5.654900 1.748000
-5.537500 2.130400
-5.580400 2.587300
-6.179900 1.956200
-6.488400 1.482200
-6.234100 1.504900
-5.867100 1.327100
-6.521300 2.723500
-5.728800 1.636700
-5.880600 2.123200
-6.052300 2.686400
-6.529800 2.783300
-6.255600 1.813100
-6.143000 2.364000
-6.271400 2.264500
-5.506900 2.497100
-7.170600 2.020300
-6.103400 2.182200
-6.055000 2.451300
-5.996300 2.147400
-6.903600 1.834300
-6.104200 2.104400
-6.653300 2.036000
-6.153000 1.509100
-5.665500 2.081300
-5.039900 1.868400
-5.480200 1.981300
-6.760100 2.298800
-5.484500 2.265300
-6.043200 2.129600
-5.272500 1.614500
-6.037300 1.549800
-6.164400 2.121700
-6.070800 2.237700
-5.819300 2.083100
-5.655000 1.750500
-5.166200 1.752800
-5.339900 1.986500
-5.771400 2.299000
-5.733000 1.070200
-5.629300 2.385800
-6.046400 2.345200
-6.020500 1.517600
-5.944300 1.669100
-6.234300 1.980300
-5.325400 1.714400
-6.533900 2.966600
-6.398300 1.874200
-5.907400 1.678300
-5.600100 1.773800
-5.664400 2.101100
-5.337200 1.734500
-6.117900 2.101800
-6.140600 2.304600
-6.278500 2.150700
-6.226200 1.935700
-6.409100 2.084700
-6.428900 2.600500
-5.888900 1.863400
-6.184900 1.803100
-6.122700 2.734700
-5.392100 1.772700
-5.958600 2.456200
-5.387200 2.088100
-6.850200 1.647600
-6.147700 2.466500
-6.154100 1.997700
-6.158800 2.295600
-5.578600 1.651100
-6.193900 1.655100
-5.838400 2.397500
-7.023500 1.436800
-5.418400 1.868200
-5.826200 2.120500
-6.606100 1.866600
-5.864900 2.155500
-5.401300 1.292700
-6.602300 1.897800
-5.734900 2.162000
-5.785100 2.342900
-6.381400 1.894000
-5.142400 1.674800
-6.555600 1.572400
-5.032700 2.238500
-5.900000 2.934300
-6.337000 2.204800
-5.731000 1.927500
-6.262300 2.292800
-5.636600 0.940600
-6.454500 1.373900
-6.343000 2.205200
-5.879600 1.576700
-5.956200 2.272200
-5.419100 1.858400
-5.549800 1.963800
-5.694400 2.369100
-6.578700 2.161200
-5.938000 2.427000
-6.129800 1.232600
-6.290600 2.220900
-5.472200 0.986200
-5.967100 1.910800
-5.658000 1.632000
-5.413500 1.791900
-6.414100 2.599900
-6.423400 1.397000
-5.623400 2.389900
-5.751500 2.441400
-5.813500 1.693100
-6.247000 1.672400
-6.178400 2.593000
-5.805900 2.058700
-6.375400 2.180100
-5.888800 1.935400
-5.872800 0.925700
-5.634700 1.933000
-5.931900 2.095700
-6.419000 1.340100
-5.826200 2.395300
-6.096800 2.493600
-5.934800 2.382400
-5.688900 1.888900
-5.918300 2.168900
-6.059200 1.714600
-5.913300 1.659700
-5.751400 2.429300
-6.269100 2.487100
-6.328700 1.550900
-6.227800 2.236000
-6.353400 1.658100
-5.648000 1.620100
-6.197400 1.568000
-5.244300 2.360400
-6.019700 2.135500
-5.820800 1.512800
-7.005200 2.594700
-5.755000 1.992800
-6.573500 1.587400
-6.771600 2.457100
-5.903100 1.309100
-5.944800 2.025300
-7.256000 2.435000
-6.183000 2.009300
-5.731900 1.979900
-5.765600 2.907200
-5.638900 1.727600
-6.255000 2.237600
-6.396500 2.862400
-5.573600 1.390300
-6.678300 1.616400
-5.652900 1.720500
-5.719000 2.398200
-5.772200 1.987100
-5.569200 2.470700
-6.179700 1.710900
-6.775500 2.157000
-5.686400 1.660600
-6.493300 1.794000
-6.039200 1.712500
-5.571200 2.777400
-5.963200 0.722000
-5.540600 2.115600
-5.500000 2.456900
-5.596200 1.750700
-6.656200 2.271200
-5.475000 1.671100
-5.935000 1.268300
-5.830400 1.917100
-5.924900 1.738000
-6.591500 2.481400
-6.550200 1.779100
-6.768000 2.285400
-5.957300 1.338500
-5.494000 1.898500
-5.821400 2.419100
-5.751900 2.092600
-6.543300 1.432000
-6.272900 1.914500
-5.616000 1.733800
-5.826500 2.020700
-6.624900 1.705500
-6.003200 1.836700
-6.177800 1.136800
-5.836700 1.625100
-5.804100 1.070900
-6.092000 2.025400
-5.601300 1.881800
-5.584800 1.758100
-6.105800 1.770400
-6.037200 2.350100
-6.263700 2.022800
-5.674100 1.434100
-6.357500 1.838900
-5.682000 1.819500
-5.819500 1.952500
-6.328000 2.010300
-5.670300 2.149600
-6.666700 2.252200
-6.324500 1.232100
-6.066400 1.930100
-5.346300 2.485600
-6.555900 1.332200
-6.152500 2.489900
-6.058200 2.110500
-5.815000 2.464400
-6.533100 2.648900
-6.533100 2.296300
-6.172300 1.409600
-6.538200 1.740600
-6.012900 2.722900
-5.026700 1.519600
-5.847800 2.422200
-6.032100 1.541500
-6.133200 1.268400
-6.029500 1.386700
-6.016500 2.185700
-5.634700 2.395500
-5.525400 2.960900
-6.201900 2.156200
-6.249600 1.756400
-6.378800 2.034300
-5.130800 2.475500
-6.460800 2.206300
-6.404000 1.666400
-5.547100 1.830700
-5.257800 2.057500
-5.696100 2.333000
-5.851400 1.581800
-6.271400 1.780200
-5.693100 1.910800
-5.566000 2.681700
-5.777900 2.141100
-5.509300 2.466900
-6.589800 2.190500
-5.832400 1.864800
-6.017600 1.811100
-6.165400 1.936400
-5.659800 2.437200
-5.141600 1.488600
-5.971600 1.586400
-6.017600 1.689800
-6.207300 1.622100
-6.181900 1.711500
-6.524600 1.334700
-5.989200 1.960500
-5.242400 1.840900
-6.635900 1.896600
-5.618200 1.052700
-5.514800 1.543400
-6.430700 2.157500
-6.003300 1.647400
-6.558700 1.346700
-6.114100 1.366200
-5.644500 2.192100
-6.098500 2.278400
-5.442600 2.202100
-5.376100 2.459300
-5.475300 2.192100
-5.821800 2.256100
-5.837800 2.098600
-7.033000 2.139400
-6.158200 2.254100
-6.052100 2.028400
-5.448100 2.481100
-6.494200 2.158200
-5.418500 1.382000
-6.955300 2.284100
-5.759200 1.660000
-6.612600 3.702800
-5.861400 1.653000
-6.656800 2.611700
-6.198900 2.197600
-5.496300 2.500100
-5.563800 1.805100
-5.939800 1.513700
-5.529500 2.295200
-5.783500 2.005400
-5.366600 1.894700
-5.727300 0.886200
-5.572400 1.101400
-6.196800 1.757600
-6.082000 1.862900
-5.817600 1.387400
-5.430100 2.565400
-6.255100 1.779500
-5.704400 2.543700
-6.689400 1.796400
-5.798700 2.201600
-6.013200 2.041000
-5.945500 2.082500
-6.015300 1.377300
-5.314800 1.877900
-6.479000 1.344600
-5.855900 1.183300
-5.740800 2.073900
-6.130600 2.732500
-6.401100 2.797700
-5.554200 1.901900
-6.639400 1.651900
-6.074400 2.739800
-6.258300 1.799900
-6.557500 1.668300
-5.777200 2.125900
-5.782600 1.802200
-5.449200 2.052100
-6.261800 1.223300
-5.619300 2.323500
-5.835900 1.965000
-5.623500 2.407600
-6.548700 1.286700
-5.501300 1.540800
-6.920700 1.426500
-5.738100 2.002800
-5.660500 1.480300
-5.866500 1.631500
-5.682200 2.163200
-5.560800 2.294800
-6.151200 2.207300
-5.932200 1.802200
-5.689200 2.699700
-7.069500 2.496100
-6.301800 1.942500
-7.085100 2.388500
-5.726300 2.312200
-6.592700 1.736200
-5.401100 1.947600
-6.158500 2.536300
-6.184000 2.487000
-6.513900 1.713000
-6.507700 2.115600
-6.178500 1.970200
-6.361400 2.500500
-5.289200 2.450500
-6.712800 2.036700
-5.972000 2.487900
-5.807600 2.446500
-6.494800 1.658100
-6.202200 2.260200
-5.456500 2.763200
-5.255600 2.137000
-6.405300 2.082500
-6.407800 1.644600
-5.564600 2.526900
-6.044500 1.683500
-5.795500 1.316700
-6.129900 1.954200
-6.587100 2.257300
-5.874200 2.070200
-5.576300 1.418400
-6.004000 2.180900
-6.521900 1.747900
-5.594900 1.575200
-6.165700 1.360300
-5.833400 2.492800
-5.809100 2.458400
-6.114100 2.823600
-5.679600 2.447500
-6.598400 1.537300
-6.626800 1.847300
-6.604800 1.642500
-5.963700 1.911900
-5.547600 3.094600
-6.030800 1.972600
-5.834300 2.173700
-6.207600 2.347000
-5.991400 1.541600
-6.172300 1.581200
-5.501700 2.182900
-5.799800 2.089400
-6.080800 2.402900
-6.188800 1.990300
-5.599500 1.683700
-6.859600 2.454700
-5.353000 1.320300
-5.780200 1.319200
-5.824800 2.144300
-6.347200 1.354300
-5.876900 2.042400
-5.730300 2.865400
-6.120000 1.662500
-6.479600 1.647100
-6.404900 2.148100
-7.393700 1.644200
-6.578300 2.106600
-6.368700 1.823900
-5.613800 1.665500
-6.313700 2.244200
-5.466000 2.012900
-6.113900 2.170700
-6.181400 1.554800
-6.399200 1.829200
-5.645300 1.630600
-5.801200 2.072300
-6.034800 1.213100
-6.528500 2.027700
-6.040800 2.061500
-6.366500 1.853500
-5.797700 2.363700
-6.045500 1.829700
-5.778200 2.422000
-5.554600 2.129100
-5.956700 2.053900
-5.680600 2.436700
-6.598600 1.809900
-6.140600 2.253300
-5.704300 2.622500
-5.533700 1.561200
-5.733000 3.179800
-6.364400 1.437200
-5.972200 2.119500
-5.887700 1.830800
-6.082000 1.571400
-5.474100 1.601100
-6.327400 2.349400
-6.191900 2.582300
-5.409200 1.275500
-6.891300 2.485400
-5.787500 2.031200
-5.783600 2.171400
-6.139900 1.671300
-6.206600 2.719000
-5.490400 2.279600
-5.218900 1.753400
-6.124000 2.081800
-5.814700 2.184600
-6.900800 2.205600
-5.686200 1.479000
-6.165700 1.924500
-6.451900 1.854400
-5.690900 1.958200
-6.133200 1.993600
-5.819000 3.006400
-5.207300 2.099000
-6.147900 2.102400
-5.353700 2.092200
-5.769600 1.666000
-5.752600 2.004000
-5.744800 1.746300
-5.777100 1.180300
-5.683500 1.901600
-5.506800 1.083300
-6.105900 1.845800
-6.158400 1.924000
-6.343800 1.942000
-6.336300 2.151900
-6.755000 1.406100
-6.803500 2.115400
-5.492900 1.829000
-6.032200 1.706700
-5.822900 1.334400
-6.155900 1.941700
-6.014100 2.042100
-5.920900 2.266900
-6.831500 2.245700
-5.016700 1.331300
-7.196300 2.639400
-5.971100 2.352500
-5.044300 1.904500
-6.058300 2.518000
-5.532400 2.371800
-5.892800 1.525800
-5.487800 1.006100
-6.223100 1.475800
-5.831100 1.905600
-5.706900 1.798800
-6.056900 1.842400
-5.790800 2.183700
-6.542200 1.543100
-5.820100 1.440200
-5.493400 2.108100
-5.299700 2.070000
-5.820800 2.174100
-6.179000 2.652900
-5.674300 2.882300
-5.471200 2.497100
-6.334400 1.912100
-5.820200 2.217100
-6.172700 2.064500
-6.014100 1.712700
-5.429900 2.157300
-5.969200 2.067800
-6.084100 1.483000
-6.503700 1.911800
-5.993800 2.417500
-6.148600 1.837500
-5.511500 2.180900
-6.194400 1.539100
-5.556700 1.606800
-6.471800 2.866500
-6.141500 1.208800
-6.191000 1.657300
-6.114600 2.266600
-6.489500 1.724800
-5.908600 1.220000
-6.151800 1.925100
-5.863500 2.106200
-5.232600 1.649800
-5.764900 1.978300
-5.782900 1.740900
-6.592700 1.395500
-6.089200 2.471600
-5.774500 1.795600
-6.637100 1.949300
-5.788000 1.244700
-5.767900 2.647000
-5.679700 2.344500
-6.429800 2.188500
-5.741800 2.574500
-5.886600 1.779500
-5.993800 1.826400
-6.329700 2.872800
-5.233700 2.089800
-5.594400 2.056400
-6.324400 2.364500
-6.420300 2.127600
-6.206100 2.027300
-6.123200 1.624700
-7.115600 2.607000
-6.134600 1.970300
-5.328700 1.927900
-6.049200 2.121000
-6.194500 1.449300
-6.392700 2.203100
-6.609600 1.817500
6.107000 1.838400
5.311200 2.113000
5.568400 1.074200
6.964900 2.431000
6.329500 2.286500
5.535500 1.654700
5.970700 2.083700
8.111700 2.576700
5.324400 1.708400
6.028500 2.531900
6.614200 2.771000
4.689900 0.758400
6.502700 1.705700
6.181300 1.343200
4.318600 1.875300
6.618300 3.487800
5.450500 1.747600
5.336800 2.059500
6.187100 0.416300
4.478100 1.274700
6.101500 2.663200
6.802500 2.361400
7.626700 2.312400
5.176400 2.882100
4.735900 1.694700
6.948700 3.231400
6.313400 1.253500
5.762400 1.974600
6.937600 3.128100
4.864800 1.313200
6.431000 0.993300
6.761500 1.567300
5.430000 2.339200
6.197200 3.629600
6.577000 2.096400
6.043900 2.825100
4.841000 0.691700
6.418200 0.343000
6.192300 1.921000
5.535200 2.910400
5.693200 1.854900
7.341000 3.598100
7.100100 1.848400
5.649300 0.343900
5.146200 1.787800
4.768900 2.720300
5.105000 2.937000
5.572400 0.799300
5.432200 1.930100
5.575800 1.692400
5.260400 2.214800
5.634700 3.120200
5.789300 3.022700
5.989200 3.023400
7.420800 2.326200
6.319200 1.374900
4.950700 1.822200
5.900800 2.713700
5.598800 2.316800
6.835600 1.944600
5.791200 1.614500
5.850500 2.478900
6.885700 2.925800
5.618800 2.383900
6.900000 3.333400
6.925100 1.861800
5.498900 1.721400
5.443000 2.413400
4.593900 1.368600
6.142600 1.716700
5.472600 0.465000
5.484900 2.127100
5.174500 1.835900
6.118100 2.361200
6.251700 0.089000
6.690700 0.796600
6.557700 2.271900
6.349400 3.062300
6.182100 2.356500
5.792500 1.543000
5.835700 1.688300
6.304500 2.142300
6.213900 1.404500
7.471100 1.473000
6.339700 1.894100
5.090200 1.673800
4.642800 1.119200
6.114000 2.305000
6.303900 1.916900
7.533300 2.088300
5.482100 1.733100
6.524600 1.952100
7.080400 2.283400
3.788800 1.866900
6.337600 1.813800
5.436400 1.053500
7.022500 1.810100
7.029100 1.436100
8.539500 3.598900
5.852500 2.407000
7.980700 2.086400
7.206500 1.757700
5.923100 1.401400
6.214800 0.930100
7.302900 1.931200
6.942200 2.323000
6.329400 2.656800
7.125000 1.570600
7.363700 3.093500
5.849600 2.211700
4.646900 2.393300
5.842200 1.753100
5.750800 2.233400
5.523700 2.357000
6.459300 1.749800
5.963700 2.819800
5.697400 1.673100
5.176100 2.093800
5.764900 2.014100
5.394800 2.027200
6.817900 2.561100
4.244000 1.185900
6.255900 0.469400
6.243400 0.158200
6.278500 2.017900
6.498900 3.498200
5.297100 1.696300
5.528200 3.425900
5.374000 1.668600
7.033600 2.750700
7.838400 3.077500
5.347600 2.297100
5.739400 1.765000
6.163900 2.253600
6.050900 2.582600
5.033900 1.521200
5.275700 2.203600
4.632100 2.209600
5.532800 0.800600
5.685000 1.633700
5.936100 1.384900
5.980200 1.139300
6.658000 2.692700
6.577100 3.332800
6.163100 2.787900
6.815900 0.917200
7.398100 3.253500
6.862700 1.809200
5.444300 0.887000
7.062800 2.977100
5.112500 2.329600
6.962200 2.500400
6.203200 1.795600
4.890200 0.437200
6.173000 1.053500
6.367400 1.231900
5.489300 2.348400
6.723600 2.383500
4.575500 2.873500
7.224700 0.965200
6.645200 1.925200
6.073300 1.597400
6.621200 4.713700
4.987300 1.216000
5.933100 1.114600
5.327000 0.788200
5.961800 2.491900
5.750300 2.641300
4.804200 1.155900
6.058400 0.725100
5.638900 2.185600
7.146900 2.915000
5.532000 2.220300
6.190500 1.541300
6.015200 0.917800
5.539200 0.788700
5.399300 1.964100
5.899500 1.924400
5.828200 0.949800
4.562100 1.332800
4.769200 1.291100
6.215900 0.768500
5.919200 1.860300
7.114100 2.329500
5.811800 1.733700
6.236600 3.278000
7.223300 2.265100
5.007400 1.966300
6.010300 1.353600
5.454000 1.242600
5.726200 2.000500
4.895600 0.931300
7.015200 1.381700
5.055100 1.977400
5.553000 2.109900
6.164600 2.497100
4.396700 0.683200
7.428700 3.020900
7.001900 2.379600
6.061900 1.554500
5.846900 3.442100
7.515700 2.135700
6.073400 2.265400
6.785300 1.590200
6.928500 1.518900
4.909500 1.380200
5.820700 1.348300
6.012400 2.687100
6.745500 2.191500
4.094600 0.609200
7.499100 1.618500
5.562600 2.486500
5.155500 2.376700
6.460700 1.524400
5.960900 2.654700
7.297300 1.708300
5.528400 1.471100
5.626900 2.271400
5.164500 2.532300
7.475200 3.267600
5.129500 1.419300
6.124300 1.635600
6.296100 2.555100
4.312100 1.854000
5.461800 0.903100
6.055500 1.889800
5.420400 2.170100
5.233500 1.224900
5.890700 2.174700
7.004900 1.243000
5.479400 2.721700
6.155400 1.193800
6.337300 1.597000
6.195700 1.928200
7.467900 2.775900
6.371800 0.480200
4.004200 2.800900
6.797900 1.257600
4.877600 1.956600
5.640900 1.214100
6.429300 2.721500
5.249100 1.843700
5.618900 2.030700
5.335700 2.757000
6.278100 2.811500
5.577600 1.714900
4.759400 2.613600
4.665900 0.950700
6.123600 1.613400
7.521700 2.142400
6.031300 1.578900
5.617500 2.384900
6.963500 2.574700
7.894400 3.391600
6.527800 2.613000
5.707100 1.498500
6.582900 1.590200
5.908400 1.537500
6.393400 1.316100
7.242600 1.987900
4.865900 1.965100
5.228500 1.439500
5.772300 1.974600
6.729400 3.201500
6.875800 1.296200
7.344500 3.533900
6.630100 0.545400
5.417400 1.641500
5.410700 0.977600
6.997400 2.340000
5.961800 2.455200
5.569900 1.885300
6.519100 2.822200
6.762500 2.449700
6.789000 2.658500
4.698400 1.474900
6.757400 2.744000
7.240400 2.820700
4.608500 2.642600
4.617700 2.501200
4.952200 1.650600
5.951900 2.945600
5.993500 2.397400
5.667700 2.688000
6.853200 2.523200
5.498600 1.682200
5.914300 2.482700
5.683700 2.008300
5.156700 1.427800
5.397800 1.199500
6.480600 0.665900
6.448000 2.036400
5.827500 1.519200
7.297200 2.668300
5.505200 2.807900
6.837500 2.563500
5.794100 2.039400
6.807600 1.178000
5.802400 2.296100
5.490700 -0.249100
4.478900 2.210400
5.198700 2.509600
6.195600 2.173600
6.640500 2.982600
5.691100 1.954800
4.600500 2.156500
4.633000 1.707100
7.489000 3.508700
5.781400 1.717600
7.084200 1.472600
5.194300 1.191400
5.463100 0.756500
4.357900 0.231000
5.145400 2.854200
6.956600 3.177100
5.747000 1.744700
6.154900 2.483300
5.532300 1.986400
6.862400 3.174500
6.497000 3.355500
5.562900 2.192400
5.066400 1.943600
7.255300 2.733400
5.023500 1.226300
6.616300 2.599400
6.977200 3.234900
5.478200 1.032200
7.239300 2.059400
6.928200 3.750600
5.463300 1.633000
6.354600 2.725200
5.317800 2.745000
6.662700 3.404500
5.311800 1.929800
5.801600 1.638000
3.664700 1.436900
6.099000 1.734000
6.057500 1.666400
5.023300 2.651400
5.399500 0.390400
6.618600 2.226300
5.185900 2.614900
4.535300 0.443600
5.880500 2.657700
6.737800 2.812000
4.859500 2.592300
7.178500 2.303500
4.758000 2.950100
5.506400 1.852400
6.158100 2.148700
7.348400 1.423000
5.805000 2.116900
3.718700 0.861800
5.004300 1.322900
5.832600 1.822000
4.981300 1.493600
6.945000 2.698300
5.911300 3.185700
7.436700 2.916000
6.920700 2.260000
4.654000 2.845200
5.259100 3.987400
5.429600 2.263600
5.353300 1.951500
6.658600 2.282400
6.148800 1.015700
4.235200 0.857500
5.253100 2.603300
5.103800 2.738500
6.057500 0.843500
6.838900 1.674600
4.879800 1.836100
4.664600 1.056600
6.319300 3.260600
4.085600 2.333400
5.444600 2.297100
8.647600 2.714600
5.518300 0.946100
7.670000 3.206800
6.436300 2.051300
6.297800 2.487300
7.120500 4.124700
5.593900 2.677500
5.860300 2.612100
5.176700 2.624800
5.595200 2.726600
5.467800 2.050800
5.743700 0.619300
4.877900 2.342400
6.776100 2.300900
6.326000 1.525000
6.516700 0.517600
6.625800 1.196000
5.428000 0.464800
5.472300 1.573300
6.282000 1.792600
5.263800 2.875800
6.493300 2.467900
5.901700 1.977800
3.076600 0.469200
6.857800 0.995500
6.095300 2.357200
7.098800 2.847800
6.814100 1.841900
6.430100 1.507900
5.231600 3.707000
5.579600 2.156200
6.029800 3.494700
5.543800 0.739000
5.903000 0.746600
6.417600 1.650300
5.109300 3.000800
6.494900 2.139800
5.895400 2.009500
5.511200 2.555200
8.073000 1.668500
6.598600 1.991100
6.401600 2.485500
5.800400 3.094500
6.378300 2.547200
4.627100 1.953300
7.965100 1.603200
3.736600 2.361800
6.902000 1.572000
6.810100 1.972300
5.368300 1.679500
7.342500 3.504700
7.041000 2.592800
6.501900 2.136700
7.113200 1.882100
5.971200 3.262000
6.281000 1.404700
3.858300 1.030600
6.028900 2.434600
6.358500 3.323600
5.152700 1.752200
4.784700 2.923700
5.288200 0.912900
4.450600 2.499300
6.486800 2.230600
6.289400 1.993400
5.586700 3.057300
4.401500 1.661000
5.218400 3.781200
4.218400 1.361300
5.063300 0.614800
4.432900 2.004300
6.646700 1.914300
5.917700 1.088400
6.344500 2.422200
5.529600 1.646300
5.699500 2.387700
6.488600 2.361500
6.157900 1.542300
5.708900 1.472500
5.977200 2.297300
6.881700 2.289100
7.387800 1.540700
6.204700 1.837100
4.940500 1.498500
6.449200 1.097600
6.544300 2.105800
6.391800 2.975700
3.527200 1.284900
6.513600 0.520800
5.568300 2.991600
5.804700 2.749000
6.139100 1.584000
3.972300 1.021700
6.447100 2.127500
4.280800 1.443300
6.273700 1.709200
6.785400 4.076600
6.871000 2.605200
8.222100 1.491600
3.688100 1.650600
6.663100 0.994700
5.733400 1.068600
5.661500 2.298900
5.506700 2.538600
5.591200 2.196900
6.010100 1.620300
6.085800 1.664200
5.118900 2.465400
7.063200 0.599000
7.304800 1.798400
5.868900 2.709600
6.535700 3.870100
3.878300 1.187400
5.752000 0.981200
4.832000 2.331500
6.529800 2.398700
5.298000 1.790100
7.525700 2.104300
5.574700 2.795900
5.461800 1.455200
6.019500 2.298500
4.920000 1.981000
6.266400 1.743300
5.705800 1.742400
3.618900 1.297800
6.994300 3.255500
6.711600 3.133700
5.216800 1.773500
7.251300 1.643300
4.670100 1.880300
5.523900 2.377600
6.798900 1.557000
5.377800 1.053600
6.374100 1.823000
6.995000 2.140900
5.057100 1.942600
4.446700 2.873200
5.573200 2.424500
6.662000 2.764700
4.607800 0.453700
5.883800 2.478900
5.635200 1.891500
4.955500 1.981100
5.505500 2.664200
4.511900 1.485700
5.375700 1.170500
5.574200 2.419700
6.244600 1.890600
6.490100 3.496300
6.199000 3.066900
6.144300 2.279400
5.491300 2.192100
5.821400 2.172000
4.615600 2.320400
6.149500 1.954700
7.359400 1.503500
6.771300 2.746800
6.876000 2.454600
7.374200 2.494500
6.965500 2.183200
5.741200 1.672900
4.980800 2.397500
6.584500 2.011700
6.485000 2.336100
5.339700 1.358300
4.191200 1.513600
8.258600 0.584200
7.221700 2.726400
6.699400 3.380100
7.525200 1.794100
6.986800 1.503800
6.343200 2.040400
5.392200 2.774900
4.721600 2.140200
7.389300 2.558200
6.372600 2.620700
4.345700 1.186000
6.493500 1.680200
4.554900 1.390500
5.362500 2.061800
3.733900 0.873100
5.960700 2.000500
7.688100 2.195600
5.508700 1.497500
5.486900 2.286700
6.054400 1.995500
4.296800 3.028500
6.855100 1.940900
6.885000 4.532800
5.662700 2.231200
6.356000 3.250000
5.042300 2.810800
6.914700 2.284800
4.367900 2.824600
4.711200 2.299400
5.182500 1.270200
4.921900 1.477600
6.094300 2.011400
5.402200 1.976400
6.099300 3.135700
5.272900 2.636300
5.302500 2.497800
6.378000 1.649400
6.712500 0.969000
5.974100 2.209100
7.893700 1.318100
6.093200 1.961300
5.992100 4.004700
7.107600 1.079300
5.751600 0.095700
6.500400 2.863100
5.917100 2.134400
4.949400 1.161900
5.635500 1.916500
6.628300 2.933200
7.011800 3.223000
5.637400 3.372100
6.357900 2.709200
6.364700 1.779200
6.027300 2.081800
4.739800 -0.012300
-1.108100 1.821500
-1.317600 2.243500
-1.586200 1.250900
-1.978100 1.836400
-0.241700 2.038400
-1.283100 2.589600
-1.415900 2.508500
-1.960900 1.185900
-1.931300 1.931800
-2.131200 2.213100
-3.325200 2.194600
-0.418700 -0.693800
-2.277200 0.827400
-2.180000 2.835200
-3.250500 1.752600
-1.903000 3.075100
-2.511500 2.287500
-3.224400 3.185600
-1.863100 3.117100
-2.813500 1.901500
-1.638200 1.622200
-2.960600 1.367300
-2.612000 0.900000
-2.661800 1.772700
-1.017300 1.688600
-2.090700 2.557000
-1.399900 2.120400
-2.739000 0.961200
-2.555800 3.312900
-1.053600 1.264000
-3.842000 2.418500
-0.563500 3.033100
-1.805900 0.533700
-2.045800 3.195000
-1.939300 1.630000
-2.118500 0.996200
-2.382100 1.239200
-3.092000 0.866600
-1.405100 2.287100
-1.515200 2.404900
-1.970600 4.604600
-3.047100 2.588400
-1.661700 3.301600
-3.007400 1.586300
-1.843900 1.247400
-2.221600 3.324900
-1.518500 0.144400
-0.641000 2.180100
-1.749400 2.069000
-1.857800 0.758000
-2.644800 2.154200
-3.150900 2.335900
-0.881100 2.952200
-4.298500 1.884000
-2.076300 2.008500
-0.847000 2.665300
-3.390100 2.856200
-2.619900 3.325000
-2.003500 3.550200
-3.127100 1.949600
-0.789300 1.113500
-3.405800 1.926900
-1.597400 1.439100
-0.844000 2.371500
-2.454300 2.994600
-1.809300 2.325900
-1.987700 1.508200
-1.612900 1.584800
-1.692700 1.781900
-2.645300 2.355100
-1.167300 2.210100
-1.127300 1.341800
-1.253300 -0.322400
-1.968300 3.052100
-1.609700 3.753000
-2.515100 3.669200
-3.130700 0.778600
-1.959200 2.110100
-1.673900 2.102400
-1.785600 3.536600
-1.994500 2.703100
-3.335900 1.667400
-1.937600 1.721500
-1.901100 2.711900
-2.188300 1.342500
-0.287900 2.102900
-1.728300 1.460700
-1.129700 1.636700
-0.395800 1.511400
-1.438300 1.734700
-3.340000 -0.547500
-1.853300 2.254100
-3.534800 3.330500
-0.995000 2.531500
-1.706000 0.981600
-3.260200 2.172100
-2.373300 0.779800
-1.929100 0.761300
-1.643500 3.550600
-3.498300 2.573700
-0.832500 1.725200
-1.904000 -0.661500
-2.209600 0.483200
-1.932800 1.979600
-1.863300 1.804500
-3.733800 1.364300
-2.423600 1.428400
-2.626400 4.037300
-1.085200 1.925800
-0.381600 2.913600
-1.716100 1.157000
-0.759100 0.361300
-1.820600 1.702500
-2.809400 3.179300
-1.481900 1.245600
-0.805200 0.308300
-1.754600 1.670400
-0.629000 3.494900
-2.306400 0.154400
-2.027100 3.491700
-1.168000 1.368700
-1.083500 3.828700
-1.105300 1.145100
-1.715400 0.946700
-2.728400 1.355400
-2.698800 1.095200
-2.707300 1.264600
-3.168300 2.961800
-2.258600 2.712300
-1.550400 3.472100
-1.046400 3.253800
-3.955600 2.540900
-2.123900 2.021100
-2.804600 2.548500
-2.001500 0.934700
-2.369200 1.228900
-3.598700 1.660700
-1.541200 3.094000
-2.401200 0.656100
-1.389100 1.586000
-1.721200 3.260600
-2.345300 3.500100
-2.377900 1.939800
-3.942300 1.231200
-2.573900 1.339500
-2.422200 0.947900
-1.132800 0.793900
-1.534400 2.439200
-2.869000 0.886200
-0.297800 2.326700
-1.485100 -0.701800
-2.297600 1.712200
-2.626500 1.308500
-2.655000 1.878500
-1.515800 2.073700
-2.574500 2.722100
-1.522300 1.639700
-1.118000 3.162300
-2.278300 2.036600
-3.353100 3.450200
-1.581700 3.031000
-1.335900 2.941800
-2.805200 2.871700
-4.767400 1.756400
-1.403400 1.580400
-2.685100 0.435200
-2.337600 1.890400
-1.534700 0.255300
-0.927300 4.134200
-2.031600 1.320600
-1.083600 3.536100
-2.030300 2.340400
-1.493900 0.906300
-2.188400 3.346400
-0.977600 2.244500
-2.528400 1.395600
-0.918100 2.569200
-2.290100 2.681800
-3.337100 1.947500
-1.815100 3.418800
-0.634600 2.091100
-1.490000 1.581800
-1.708400 0.983500
-1.902900 1.554500
-2.607300 1.939500
-3.223900 1.014300
-1.383200 2.658900
-1.491900 1.096200
-0.572000 3.512500
-2.935600 3.305300
0.029300 1.120100
-0.800200 1.536600
-1.443100 1.653900
-1.370800 1.708200
-2.078800 1.718600
-1.687100 1.720800
-3.352900 1.568100
-1.725400 2.579000
-2.495800 1.690000
-1.443000 2.518600
-3.735700 2.424300
-1.738000 2.703600
-2.805900 2.417800
-0.797400 1.329900
-1.569300 3.253800
-2.281500 3.940800
-0.866800 3.299900
-3.462400 1.387900
-2.716700 2.579500
-1.876900 2.767700
-1.765100 0.812600
-2.113600 4.240500
-2.717700 0.973500
-2.905700 2.241100
0.364100 1.297300
-2.091600 0.826600
-2.005300 2.052600
-3.501300 1.765500
-0.346700 2.234600
-2.110000 2.287900
-3.095000 1.912300
-2.151700 2.827700
-3.209500 1.178600
-1.333100 2.090800
-0.453700 1.960100
-1.970400 2.609000
-2.679100 2.071800
-1.490000 1.041400
-1.441200 3.077000
-2.376300 1.754600
-0.865500 2.643000
-3.491400 1.833000
-3.251200 2.688900
-0.445800 2.345500
-0.941400 1.306200
-1.689000 1.942200
-3.321300 1.883100
-1.499900 0.816400
-1.558200 1.777500
-3.242100 2.910900
-3.503800 2.327200
-1.045400 1.613400
-3.315300 0.756700
-2.454400 0.704400
-2.677000 1.902100
-2.069400 3.218700
-3.250900 1.166500
-2.103600 0.549200
-3.501400 1.753800
-3.162000 3.112700
-0.403800 0.810100
0.895600 3.365600
-2.219900 1.007200
-1.127100 0.178400
-2.131800 1.731200
-1.776800 0.787400
-2.747100 2.228500
-2.555200 1.678200
-1.466500 2.739900
-1.222500 1.584800
-4.078100 3.645000
-0.978600 0.927600
-0.405400 3.261300
-1.786600 0.894500
-1.121600 1.564400
-1.544300 1.092100
-2.710000 1.346100
-2.988800 3.318700
-3.258500 0.491300
-2.778200 1.133200
-2.535500 0.925800
-1.704200 1.541000
-1.667500 1.157400
-0.008500 2.528000
-2.358900 1.569000
-2.450200 1.026000
-1.545700 3.006800
-1.632200 0.519700
-2.835100 2.181200
-1.988700 2.305200
-1.288500 1.867900
-1.445300 2.034900
-1.940500 1.710700
-3.475200 3.201300
-1.539100 2.562200
-1.247700 2.038500
-0.780600 0.273800
-2.422200 2.897000
-2.845100 1.239500
-0.457800 2.736400
-1.193000 0.519200
-2.024200 -0.573700
-2.278200 0.215900
-2.051200 0.998100
-2.171200 0.820100
-1.671200 1.623200
-4.414300 0.859500
-4.279200 4.431700
-1.663800 2.164900
-1.193800 1.533000
-3.545800 1.015200
-0.354500 2.930000
-1.683800 1.754100
-2.584300 3.443600
-2.274900 3.332100
-2.380600 2.943500
-2.622300 2.867100
-2.266800 1.460800
-3.886400 2.270300
-2.327900 1.626000
-1.854000 1.595700
-1.989600 2.947500
-2.080400 0.662600
-2.440600 0.573500
-1.507700 3.091400
-2.198300 1.312600
-1.972400 3.243000
-0.084600 1.752400
-2.496300 1.963400
-0.911700 2.834200
-1.921300 1.900600
-2.059200 3.404000
-0.721400 1.474300
-0.737600 0.856800
-1.163400 0.139000
-0.552300 2.411800
-2.230600 2.140900
-2.525100 4.800300
-1.744200 2.822800
-2.376300 0.800400
-1.578800 0.456500
-2.478300 0.994000
-1.520500 1.583800
-3.139300 1.557300
-1.615400 2.509100
-2.384200 3.034800
-1.054300 0.333300
-2.585800 1.132900
-0.284200 2.119900
-3.056700 0.121300
-0.940600 2.741500
-2.035700 1.824300
-3.438200 2.872300
-2.065800 1.649400
-1.695400 0.564000
-0.717700 0.668100
-2.887800 1.005100
-0.446800 2.203900
-1.721900 2.358900
-1.681800 2.520200
-2.143100 2.058200
-2.002800 1.573200
-1.129700 0.830200
-2.498900 3.055700
-2.863800 1.943600
-1.631500 1.200400
-1.579700 1.341900
-2.392700 1.507800
-2.387800 1.466000
-2.776200 3.613700
-1.289500 1.761000
-1.607400 3.080000
-1.469600 2.025200
-0.765700 1.679300
-1.545400 2.928800
-2.227800 1.806300
-4.264700 2.773800
-2.665700 1.821800
-0.452300 0.139700
-2.704300 3.668300
-0.967400 0.699500
-1.836200 2.924000
-2.056600 2.105100
-1.877700 0.985100
-1.736800 2.810800
-1.165000 1.362600
-0.023700 1.329600
-3.201300 1.791800
-1.474700 2.887300
-3.267200 1.472400
-0.987400 1.297800
-3.292400 1.877300
-1.757000 1.768900
-2.468400 4.346900
-0.766900 2.208400
-2.155000 2.459100
0.083300 1.618500
-2.737200 3.919600
-1.810200 0.890000
-1.613400 2.645600
-0.852300 2.727300
-0.204600 3.120700
-1.623600 1.542300
-1.984900 0.681800
-1.882400 1.566800
-0.090300 1.856100
-0.778700 0.935400
-1.513000 -0.393600
-0.900700 1.324300
-1.772400 2.180200
-1.151700 1.472000
-2.835200 0.940000
-1.594200 2.718200
-2.478500 1.929900
-2.092700 2.203100
-0.988400 0.833800
-0.560800 0.658700
-3.182300 1.928600
-2.885600 4.222600
-1.486100 2.885900
-0.764400 0.952800
-3.257400 2.530700
-1.810300 1.243100
-1.147800 1.516900
-1.317200 2.668700
-0.193100 2.878700
-4.257400 2.080000
-1.064200 2.036300
-2.441900 3.630600
-4.248900 1.088400
-0.952900 1.477400
-2.179800 2.792300
-1.331900 3.373900
-1.223900 2.704200
-2.182300 3.241500
-3.483300 1.884300
-2.771500 0.916400
-1.740500 2.249900
-2.380300 0.771500
-3.409900 3.229100
-2.591200 2.834100
-1.452900 0.155800
-2.026800 2.274800
-1.952500 1.728400
-1.422600 2.090900
-3.076300 1.676200
-0.873100 2.407900
-3.529900 1.330500
-4.047200 2.731300
-0.977600 2.120200
-1.701400 2.886500
-2.081300 0.662600
-0.860500 1.332700
-1.529200 2.801800
-1.318000 0.639600
-2.042400 1.474600
-1.607500 1.012000
-2.820600 2.146700
-2.455000 1.747300
-2.854000 1.680000
-3.631000 0.671900
-1.118400 1.516500
-2.547100 1.951700
-1.618300 1.085200
-1.124800 -0.020500
-1.881800 -0.435600
-2.309500 1.498800
-2.381600 2.212700
-2.502600 1.585600
-2.553400 2.069200
-2.359900 0.684100
-2.431800 2.950900
-1.967200 0.445000
-0.849200 1.126100
-2.619400 2.461200
-2.013300 2.362500
-1.500200 2.231000
-2.061300 2.064600
-2.050700 1.490900
-2.978400 2.779400
-1.470800 1.996400
-2.828200 1.043800
-1.949900 0.273100
-2.468000 0.279600
-1.717000 2.550300
-2.909000 1.955900
-2.429800 2.834700
-1.036400 1.521200
-0.638500 0.231100
-3.362600 1.081800
-1.497400 1.032000
-2.086600 1.784300
-0.723200 0.567400
-2.620800 2.626000
-2.183300 3.515300
-2.615900 1.259300
-2.647500 1.939200
-3.466600 2.885900
-2.026800 1.873900
-1.985900 2.626800
-2.752300 0.910100
-1.025900 0.752500
-1.060600 3.491300
-2.178900 3.682100
-2.223000 2.140100
-3.019400 1.725700
-1.653000 2.529200
-3.199200 2.747900
-2.831800 1.008400
0.016600 0.957000
-4.021100 3.305700
-0.188400 2.795900
-1.346900 1.011300
-1.850600 -0.460100
-2.693700 1.288900
-3.935500 3.406100
-2.121500 1.279600
-2.950100 2.448800
-0.719500 2.166700
-2.796200 2.141200
-2.877700 2.130600
-2.369900 2.861300
-1.824100 2.062700
-3.700500 1.851400
-1.895600 2.227700
-1.743600 2.250700
-1.621500 1.578600
-1.693200 3.838900
-2.565300 0.658700
-1.917100 3.375000
-0.695500 0.534900
-3.441900 2.505000
-3.367700 3.216800
-2.981400 1.428700
-1.762500 0.749100
-3.073500 1.666800
-2.916300 2.347900
-1.875900 2.689500
-2.969800 2.357700
-3.284300 2.512300
-1.316100 -0.000800
-1.916500 1.965900
-2.936800 1.686800
-3.112500 1.540200
-0.713600 1.360400
-1.167000 3.366100
-1.914500 0.280000
-0.397900 2.293700
-2.833500 2.474700
-2.420100 3.639000
-1.877700 1.088800
-2.958300 1.620700
-3.802400 2.852200
-3.123300 1.925800
-3.062500 2.920000
-1.282600 1.792100
-2.077400 2.529100
-1.285500 2.283300
-1.329300 2.375000
-1.055700 1.645900
-3.204600 1.428000
-2.701800 1.010700
-2.154600 0.343500
-2.732000 3.273800
-1.294000 2.400600
-3.333000 2.533100
-1.779900 2.119000
-1.771600 1.038300
-1.503600 1.885400
-0.985700 1.317300
-2.263500 2.025300
-1.704600 1.679800
-3.720900 1.734300
-2.685100 1.030600
-2.344300 2.269000
-0.766800 0.550100
-1.442100 1.786300
-0.686600 0.101000
-0.661900 -0.440700
-1.785200 1.602900
-0.989000 1.317300
-1.572600 1.540900
-3.509300 2.930800
-4.153200 0.600800
-3.033600 2.287400
0.603800 1.684400
-3.726200 3.096800
-4.225600 1.956700
-1.566900 2.922600
1.011300 2.601500
-1.033200 2.951700
-2.276100 0.759800
-1.323500 2.883900
-2.337200 2.456000
-0.663600 3.278200
-0.779600 1.475000
-0.238400 1.735800
-2.845200 1.214700
-2.760300 2.013300
-2.167900 0.934600
-1.305800 2.199100
-2.430400 1.893100
-1.131000 1.942900
-1.514100 -1.044200
-1.964500 1.402900
-3.185500 3.577000
-2.083900 0.707900
-2.614700 1.792700
-1.652600 2.101400
-2.145100 1.353000
-1.394400 0.970200
-1.838100 1.277200
-1.393600 1.572600
-1.919800 1.699200
-0.881600 1.490500
-1.047500 2.360200
-2.481300 2.357400
-2.656400 2.066400
-4.114700 2.656900
-1.084100 0.479000
-1.324000 0.424000
-1.715100 1.795700
-1.916200 2.114200
-1.796600 1.152700
-5.356300 -8.605100
-5.346100 -10.258500
-4.892300 -7.910900
-3.707500 -8.834100
-5.517000 -7.976700
-5.294300 -9.484400
-4.542700 -9.291500
-4.587700 -8.604700
-3.156300 -8.620500
-2.872600 -8.258200
-4.248800 -8.687900
-4.202700 -9.141300
-5.981300 -9.064100
-6.024200 -10.480600
-3.343200 -8.090000
-1.818400 -9.226700
-3.460300 -9.096500
-4.582800 -8.711400
-5.557000 -7.081000
-4.563900 -8.129300
-4.962300 -8.514100
-3.784700 -10.414900
-4.000900 -9.234300
-3.484600 -9.098600
-3.853400 -9.076200
-4.161000 -9.397300
-4.660700 -8.288900
-3.294800 -8.951600
-3.970300 -8.404000
-3.801400 -9.008600
-5.472700 -8.894800
-4.672300 -9.311700
-5.569200 -8.747700
-3.213900 -9.520400
-4.666100 -8.686900
-3.863200 -7.867300
-2.948300 -10.020800
-2.906300 -8.554900
-4.105900 -8.975400
-4.095500 -9.500000
-4.820700 -10.564400
-3.956100 -8.666400
-5.160700 -10.429000
-4.821800 -8.850200
-4.077000 -8.648200
-3.589600 -8.381600
-3.173100 -10.723600
-4.505500 -8.531000
-4.021700 -9.864300
-3.733600 -8.230600
-3.989100 -9.577200
-3.206600 -7.451700
-1.957200 -8.206000
-3.007500 -9.628000
-2.365900 -8.169900
-3.862800 -9.866700
-4.348000 -8.623100
-3.770800 -9.083300
-2.817900 -10.006700
-4.286800 -9.094000
-5.247900 -10.508100
-3.536600 -9.164100
-3.709800 -8.905700
-4.777200 -9.932200
-2.445500 -8.604500
-2.991700 -8.357300
-4.364700 -9.261300
-2.746600 -8.737200
-3.582900 -8.304500
-2.846000 -7.912300
-6.106200 -8.877800
-5.192300 -8.939900
-2.690700 -7.288400
-4.524900 -9.278300
-4.252600 -11.028700
-4.386300 -10.353800
-3.208000 -9.235700
-4.695300 -9.100100
-3.915400 -9.097200
-4.903700 -9.053600
-3.501200 -8.731300
-2.828400 -8.628000
-5.659800 -7.560700
-3.024200 -6.344400
-2.997100 -8.123300
-6.845100 -8.370600
-3.567700 -9.101300
-3.869600 -9.762800
-2.802300 -9.795900
-3.049300 -8.531100
-2.989200 -8.258900
-5.178700 -8.563400
-3.944800 -8.856300
-3.451500 -8.924400
-4.530200 -9.360600
-5.167900 -10.539200
-3.397700 -8.169600
-5.221300 -8.518900
-4.073400 -9.798400
-5.637000 -9.769800
-4.189000 -8.928200
-4.424000 -9.856800
-4.793500 -8.764400
-4.971500 -10.142300
-3.900700 -8.990700
-3.545100 -9.852100
-2.732900 -8.529800
-2.804100 -7.448000
-3.871000 -8.902000
-3.071800 -8.682300
-3.375200 -8.559900
-5.109600 -8.518700
-4.592400 -8.209600
-3.432800 -8.718900
-2.026600 -10.344500
-1.822700 -8.448900
-4.104900 -10.274700
-2.228400 -8.076900
-3.601500 -9.015600
-3.828600 -9.401000
-2.547300 -8.190100
-4.008500 -10.057600
-2.905600 -9.630100
-3.370400 -7.177500
-3.994300 -7.853000
-5.054600 -10.173400
-3.479200 -9.249500
-4.991100 -8.527700
-3.011200 -7.921800
-3.315800 -10.199100
-4.677300 -8.167900
-3.341300 -7.992900
-5.196700 -9.143500
-3.962000 -8.848300
-3.002100 -8.931500
-3.774700 -9.034400
-3.616800 -7.184800
-4.673900 -8.142300
-3.457000 -8.736100
-3.805600 -9.911900
-3.708900 -7.462900
-5.919100 -10.628000
-3.474500 -9.265600
-2.377800 -8.507400
-2.286200 -9.263800
-5.412500 -10.180600
-2.756700 -8.294500
-4.057700 -9.915900
-4.469100 -8.923300
-3.476000 -9.761900
-3.468200 -9.175500
-4.715000 -8.825200
-3.984100 -7.520100
-3.865300 -10.962900
-2.485400 -8.704100
-4.887700 -8.897900
-2.840700 -7.905200
-4.809000 -7.965200
-4.008800 -9.493600
-3.936000 -9.875000
-4.621100 -9.204300
-4.237300 -9.389300
-5.425900 -9.918300
-4.781100 -9.183300
-3.018200 -10.170500
-4.972200 -9.165000
-4.103300 -8.745300
-4.280200 -8.461000
-3.838600 -9.907600
-4.809000 -9.454600
-4.283600 -9.625500
-4.559600 -10.512700
-3.470400 -10.209000
-3.114500 -8.073300
-7.071300 -10.545800
-2.830600 -8.091900
-3.114100 -8.437800
-4.145500 -9.397900
-4.015200 -8.831500
-5.037100 -9.643600
-4.933400 -9.702100
-3.324000 -8.072400
-4.409200 -9.349900
-3.070600 -8.497100
-3.992700 -10.312300
-4.107800 -8.956600
-4.556200 -9.530200
-3.122800 -9.546200
-2.681800 -9.567100
-5.354000 -8.358500
-4.063900 -9.335800
-4.320000 -7.058500
-3.473500 -8.996200
-2.981200 -9.238900
-3.671200 -8.464200
-2.704300 -8.686400
-3.309200 -9.747300
-3.726300 -10.377400
-3.920900 -9.523100
-4.831000 -9.147600
-4.447600 -10.404900
-5.417200 -9.841300
-3.968200 -9.870400
-4.998400 -9.682600
-4.494100 -9.146000
-4.420200 -8.222300
-1.886900 -9.085200
-4.590900 -9.478700
-3.229100 -9.768400
-5.222700 -8.434800
-3.690500 -8.506000
-3.171600 -7.982200
-2.580400 -9.105300
-3.832100 -8.439500
-4.205100 -8.682200
-3.114700 -9.381300
-3.054100 -10.151300
-3.906100 -7.884700
-2.459200 -9.654700
-4.112600 -8.215900
-3.879300 -9.810000
-3.975100 -8.404700
-4.468900 -9.066200
-2.718500 -8.271500
-4.151600 -8.959200
-4.160900 -9.081700
-4.651300 -7.835700
-3.243600 -9.820000
-5.148100 -9.019900
-2.299700 -8.828300
-4.393000 -8.468300
-4.673100 -9.576100
-3.875000 -10.126900
-4.914600 -9.002900
-4.695400 -9.183400
-2.818300 -7.870400
-3.570600 -9.627700
-4.219100 -10.152700
-2.326100 -7.430000
-4.194400 -8.846600
-4.233200 -8.857000
-3.085100 -8.265600
-4.662800 -9.215600
-4.030700 -9.117800
-4.615500 -10.554600
-2.667000 -8.626500
-3.247000 -7.976200
-3.548600 -8.788600
-3.753400 -8.378000
-3.418000 -9.348200
-4.735100 -9.600700
-4.689000 -8.824500
-3.420300 -8.848900
-4.718600 -10.286600
-2.900700 -9.704600
-4.621100 -9.730700
-4.752400 -9.079900
-3.552700 -8.670900
-3.152300 -8.081400
-4.148000 -7.653800
-3.819300 -10.363900
-2.986800 -7.772800
-4.225600 -9.221500
-3.947600 -11.112700
-5.450900 -10.482600
-4.446000 -10.002900
-4.241000 -9.929400
-2.975000 -8.816300
-4.004000 -7.812200
-3.543700 -8.584700
-5.174800 -9.558000
-4.771200 -8.498900
-2.904100 -7.486400
-5.221700 -8.831100
-3.987500 -9.490300
-3.499100 -8.837700
-3.047400 -8.770000
-3.747800 -10.142900
-4.416500 -9.017800
-4.888200 -9.138000
-3.636200 -8.481800
-4.099300 -9.287900
-4.087200 -10.401200
-3.911600 -10.015400
-4.579600 -9.983500
-4.941100 -9.551200
-5.300800 -9.659100
-5.208800 -10.387500
-3.115700 -8.389700
-4.240400 -9.782700
-4.277000 -10.864100
-5.129000 -8.139200
-3.523000 -9.218200
-4.838200 -9.118000
-3.513200 -9.681700
-2.480600 -8.437800
-3.833700 -9.211100
-5.590800 -8.377600
-4.354800 -10.474800
-4.361100 -8.931000
-3.017900 -7.796600
-3.262300 -9.660600
-3.702800 -8.461300
-4.243800 -9.397200
-3.552000 -9.821400
-4.461700 -8.897300
-3.941500 -10.592500
-5.270300 -9.729700
-4.109800 -9.344900
-3.468400 -8.663100
-4.356000 -8.012600
-5.729100 -8.494700
-3.246400 -9.913300
-3.398200 -8.541600
-4.660300 -8.771300
-5.878600 -9.563200
-4.310700 -8.732100
-3.824800 -9.450000
-3.979300 -9.361500
-3.962200 -9.195800
-3.750600 -9.331600
-4.910900 -8.620900
-4.128400 -8.876100
-5.064100 -8.978700
-2.985600 -8.858100
-2.773300 -7.403900
-3.265400 -8.965000
-3.038400 -8.378200
-3.393100 -9.932200
-3.766000 -9.279000
-4.727900 -9.151000
-3.096300 -7.834500
-4.446600 -8.909400
-3.210900 -8.251300
-4.395400 -10.605400
-4.686700 -9.076700
-3.330800 -9.572500
-4.299700 -9.085900
-4.553200 -8.055900
-5.372900 -9.996100
-3.832100 -8.536500
-1.812400 -9.129800
-4.280500 -9.029700
-6.069600 -10.161100
-2.763500 -8.648500
-4.913900 -10.840500
-5.055200 -8.233000
-4.161400 -8.328400
-4.306200 -9.819600
-4.719400 -9.759700
-3.363300 -10.638500
-2.771000 -7.079200
-4.908800 -9.362600
-3.622400 -10.176100
-3.226100 -9.564900
-1.767500 -9.908100
-3.803300 -8.066700
-3.778200 -8.752100
-4.080200 -8.452300
-3.143200 -8.523000
-4.460700 -8.839400
-4.669500 -10.330600
-4.486700 -8.372000
-4.982300 -8.827900
-4.213900 -8.660800
-3.725700 -8.871000
-4.412300 -8.791500
-3.134100 -7.986700
-3.318000 -9.015900
-4.157900 -8.912300
-4.936900 -9.620000
-3.552200 -10.273300
-2.879600 -8.804900
-5.572800 -9.997200
-4.899700 -9.000200
-3.343200 -8.679500
-4.054900 -8.972200
-3.781700 -10.401800
-4.759600 -8.552900
-3.551000 -10.217300
-4.393600 -9.512200
-1.609100 -6.859500
-4.103100 -7.763900
-5.188900 -9.374000
-6.504200 -8.127200
-4.299900 -9.924100
-4.339000 -8.399800
-3.203500 -9.961200
-3.801600 -7.798300
-4.190900 -8.942100
-3.943500 -10.255600
-5.620000 -9.746500
-4.861300 -9.126600
-2.627200 -8.857800
-3.140200 -9.193300
-3.104000 -8.914400
-4.555700 -7.480600
-2.972600 -10.384600
-3.964300 -9.609000
-3.945200 -9.261700
-4.401300 -9.437900
-2.995300 -8.698800
-5.590300 -8.207000
-2.665700 -9.056100
-4.357500 -9.563600
-2.659100 -9.100400
-3.868000 -8.740900
-4.022800 -9.332000
-3.924300 -7.894100
-2.716100 -9.512500
-3.861600 -10.673000
-3.517600 -9.708900
-4.448200 -8.977900
-4.277400 -8.158900
-3.554200 -8.608100
-5.420800 -8.047500
-4.457300 -10.295700
-1.907000 -8.485500
-4.147700 -9.086400
-5.247500 -9.673400
-3.369700 -8.213700
-4.386000 -8.724700
-4.479200 -9.346900
-2.284800 -9.376400
-2.740800 -6.262400
-4.611400 -8.469200
-4.671000 -10.373200
-3.193300 -9.001600
-4.923400 -8.480100
-4.481500 -8.915100
-2.277600 -9.141700
-2.659300 -7.466400
-4.674700 -10.122200
-4.024900 -9.800000
-4.211600 -8.424900
-3.517600 -10.526900
-3.286000 -10.104800
-3.326500 -8.792500
-5.124000 -8.594900
-3.745500 -8.384200
-3.616700 -10.085500
-3.284000 -9.141600
-3.329800 -8.612300
-3.864700 -10.139700
-3.594900 -8.763200
-3.083400 -8.698400
-3.073200 -8.748800
-3.825500 -8.553500
-3.951500 -9.658300
-3.993400 -8.068900
-2.598400 -8.252000
-4.505600 -9.328000
-5.236800 -8.969600
-2.645200 -9.136000
-2.598400 -9.219400
-4.537100 -8.334300
-4.073900 -10.361800
-4.511400 -9.190000
-4.490100 -9.415800
-3.113400 -9.785100
-3.559400 -9.428800
-4.207300 -7.841200
-3.954800 -9.523700
-4.592600 -10.305300
-4.473100 -8.809400
-2.162000 -7.448000
-2.903700 -9.558300
-4.581900 -7.930500
-3.761500 -9.679900
-4.894100 -10.832900
-2.762600 -8.070000
-3.597700 -9.509700
-4.756000 -8.017500
-3.139300 -8.888200
-4.119000 -9.558500
-2.562500 -9.347900
-3.504500 -8.226800
-3.438000 -9.315500
-3.697000 -9.329800
-4.509400 -10.856500
-3.818500 -8.842000
-5.950900 -9.311000
-2.050800 -9.969300
-3.779600 -8.269400
-3.324600 -8.040200
-4.234300 -7.847700
-2.617300 -8.582200
-4.411300 -9.701000
-4.487200 -9.672200
-3.661700 -9.277500
-4.291600 -9.898800
-4.365700 -8.151700
-3.256900 -9.420600
-5.083700 -8.156500
-3.474300 -10.510000
-3.978500 -8.423500
-4.234000 -9.175700
-4.435800 -10.083100
-4.652700 -9.064500
-4.289400 -9.590800
-2.895200 -8.029100
-4.295100 -7.741400
-2.983200 -8.554500
-3.451500 -8.572500
-4.499300 -7.726600
-4.290100 -8.180200
-3.659600 -8.373600
-2.870600 -8.421500
-3.511100 -8.577900
-4.652800 -10.063200
-4.634700 -8.328500
-4.079800 -8.469900
-3.611400 -8.073600
-4.485900 -9.694700
-4.316800 -9.431200
-3.055200 -8.547400
-3.643700 -8.160400
-2.724700 -6.640900
-4.545300 -9.381500
-3.781900 -9.003400
-3.759200 -9.623500
-4.789900 -9.318700
-4.101000 -8.087900
-4.201100 -9.280900
-3.648400 -8.933700
-2.910300 -9.256600
-1.639500 -8.635900
-3.899900 -9.645000
-4.990600 -8.801100
-4.007500 -8.968800
-4.552400 -8.807500
-3.061000 -8.532800
-3.880800 -9.546800
-4.767400 -8.380900
-2.401300 -9.865500
-4.856200 -9.801200
-3.193000 -7.452500
-5.980300 -10.288200
-3.280200 -9.708900
-4.446600 -9.700800
-2.509800 -9.027100
-5.395700 -9.632900
-5.383100 -9.327200
-3.656300 -8.560600
-4.714300 -7.679600
-4.448900 -9.247600
-3.204600 -8.592000
-4.062300 -8.941600
-2.959500 -8.485800
-3.052800 -9.623500
-4.161000 -7.735700
-3.980000 -10.286400
-4.174200 -9.661300
-4.084400 -9.279200
-2.282800 -8.811600
-3.731900 -7.937300
-4.625000 -8.500000
-2.766900 -8.315600
-4.646200 -9.722900
-4.815900 -9.399300
-4.037100 -8.863700
-2.168600 -9.043500
-5.013600 -10.253500
-4.637800 -8.659000
-3.501300 -7.948100
-2.944400 -9.847400
-4.410000 -9.533400
-3.733500 -9.891000
-4.429900 -9.511800
-4.356100 -9.383000
-3.684400 -7.363900
-2.486300 -8.513700
-4.436100 -9.747700
-3.382100 -8.804600
-2.774200 -7.908000
-5.894500 -9.098300
-4.608700 -10.175200
-3.745800 -9.474600
-3.900200 -8.639500
-3.698800 -8.783800
-5.083600 -8.312500
-5.662500 -9.219500
-4.882000 -7.718000
-4.356000 -7.894000
-5.530200 -10.792300
-3.338000 -8.490800
-2.849700 -9.269900
-4.380300 -8.927600
-2.395000 -8.691100
-4.325300 -8.412900
-2.977900 -9.242900
-4.558400 -9.770300
6.726400 0.199300
7.513500 0.353600
6.897700 0.248500
7.249800 0.405300
6.795400 -0.291300
6.432800 -0.034600
7.443600 0.044300
6.650500 0.224400
6.895100 0.290600
6.757400 0.197700
6.040000 -0.557900
7.591800 -0.364100
7.580300 -0.220400
6.914800 0.006900
6.701100 0.188900
7.476100 0.537400
7.025200 0.244000
7.516000 -0.021800
6.959400 -0.378700
6.650000 -0.278900
6.596800 0.048800
6.681900 0.214000
7.241000 0.463100
7.020700 -0.084600
6.689600 0.455100
7.068200 -0.154700
7.055200 0.533600
6.669200 0.018800
7.252600 0.148300
7.368100 -0.087500
6.972200 -0.294300
7.377800 0.338200
7.242900 0.055600
6.449600 0.473300
7.363500 0.121500
7.380600 -0.908300
6.926900 -0.397700
7.621500 0.715600
7.508600 0.585900
7.154500 0.213200
7.055900 -0.054200
7.151000 0.197200
7.501800 0.824500
6.829200 -1.087500
7.714700 0.461400
6.371500 -0.113000
6.703500 0.843500
6.568100 -0.171500
6.968300 -0.223700
6.516900 -0.654400
7.088200 0.447000
6.927100 -0.318000
6.636800 -0.716400
6.761400 0.408100
6.795400 0.084800
7.495900 0.007700
7.369300 0.545900
7.099500 0.663000
6.906600 0.217100
6.789600 -0.479000
7.209700 -0.005200
6.214400 -0.577700
6.954000 -0.190400
7.000900 0.017500
6.788500 0.110400
6.485100 -0.353700
7.374400 -0.131200
6.679300 0.562400
6.710400 0.109400
7.344100 -0.722800
5.925400 -0.387100
6.895900 0.411900
6.571600 0.353000
6.326600 0.096300
7.430100 -0.123600
7.514500 -0.148900
6.530000 -0.077500
7.352100 0.291200
7.315100 -0.411400
7.055700 0.518000
7.177100 -0.602500
7.097800 -0.067700
7.405500 -0.331500
7.239000 -0.382900
7.697600 -0.186400
6.935600 -0.311700
5.945600 -0.758400
7.078900 0.043400
7.420900 -0.320100
7.329100 -0.133500
6.458400 0.174600
6.703800 -0.286500
6.590100 -0.211100
7.048200 0.637300
7.701900 0.064200
6.964300 -0.515900
6.655700 -0.010200
6.565800 -0.159800
6.003800 -0.111200
6.817000 -0.421400
6.641300 -0.607500
6.647900 -0.002800
6.861600 0.578200
6.453000 -0.416700
7.096300 -0.531900
6.312500 -1.153000
7.087800 -0.368000
6.234500 0.189300
6.472800 -0.378100
6.203200 0.510600
7.048400 -0.858100
7.587200 -0.738000
7.148300 0.545800
6.887400 -0.421100
7.595700 0.572800
6.397900 -0.287600
7.576700 0.740900
6.668500 0.356800
7.277700 -0.318900
6.657100 -0.275900
6.599700 -0.052900
7.308500 -0.495700
6.159400 -0.248100
7.557500 -0.298400
7.301600 -0.776400
7.135000 0.042000
6.522500 -0.138500
6.909500 0.700600
7.328700 -0.112100
7.327600 0.412700
7.086200 -0.055600
7.137200 0.035800
7.318200 0.306200
7.003900 0.349000
7.773100 -0.393600
6.697400 0.001800
7.689900 -0.125200
7.057800 0.343500
6.659600 0.510500
7.494400 -0.421700
6.869200 -0.009700
7.310600 -0.101100
6.310500 0.594100
6.931100 0.088000
7.026600 -0.567400
6.982500 0.185800
6.864000 -0.445200
7.326100 -0.210600
6.605600 0.406300
7.024300 -0.246200
7.473400 -0.282900
6.972300 0.470100
6.643000 0.145900
6.248300 -0.222600
7.347900 0.556700
6.733900 0.378800
6.876700 -0.357700
7.076300 -0.002000
6.927100 -0.078100
6.777400 -0.360200
6.661700 0.535900
7.413400 0.288900
6.575200 0.430700
7.262800 -0.437100
6.968300 -0.113100
6.589800 0.475300
7.759900 0.366200
6.616000 0.387600
6.405100 -0.588400
6.959500 0.271900
6.641500 -0.398500
7.161200 -0.132700
7.017300 0.181400
7.117600 -0.204900
6.408000 0.935600
7.008800 0.615100
7.238900 0.497800
6.357200 0.005900
7.107300 -0.045000
6.939900 -0.668800
7.196300 -0.054400
6.816100 0.171600
6.511900 0.031000
6.434000 0.093500
7.852000 0.078100
7.067900 -0.275800
6.788800 0.239400
6.388200 -0.442300
6.808400 -0.525800
6.249000 -0.306600
7.359000 0.113400
7.457000 0.224800
7.501600 -0.527800
6.754600 0.166900
6.963300 0.009200
6.359600 -0.069600
7.056100 -0.464200
6.415100 0.184300
6.674100 0.238500
7.005800 0.226100
6.817000 -0.012900
7.423000 -0.420600
6.994200 -0.295400
7.526400 -0.185300
6.360000 0.258000
7.489600 -0.083600
7.177000 -0.196100
7.252400 0.094200
7.157400 0.271500
7.184200 0.527400
7.802800 0.599000
6.463900 -0.176200
6.008900 0.372300
7.152400 0.087200
6.690200 -0.116100
6.603400 0.315100
7.394200 -0.189500
7.005200 0.567500
7.330600 -0.091300
7.006200 0.421400
7.368000 0.464500
7.369800 0.518500
6.546200 -0.445100
7.226800 0.227700
7.345600 0.290000
6.485800 -0.065100
6.703800 -0.476300
7.441300 -0.611100
7.523400 0.205800
6.448700 0.203400
7.532200 0.436600
6.738300 0.266300
7.223100 0.318200
7.172700 0.554700
6.427800 -0.577800
6.485400 -0.096500
7.250000 -0.421700
6.510900 -0.480500
6.893300 -0.327300
7.492900 -0.008400
7.577800 0.406700
6.832900 0.039800
6.839300 0.320000
6.950300 0.183500
7.268300 0.255000
6.489100 -0.122900
6.818900 -0.033500
7.279500 -0.266400
6.837200 0.214800
7.395000 -0.688100
6.638900 0.037800
7.058700 0.641600
6.780600 -0.129200
7.738200 -0.309300
7.109200 0.081300
7.183400 -0.038900
6.960500 -0.278200
6.592200 0.021500
7.297900 -0.098500
6.841500 0.319600
7.020000 -0.554600
7.324600 -0.032600
6.889200 0.182000
7.378100 0.487500
6.640900 -0.309600
6.645000 0.054900
6.841100 0.356300
6.428900 -0.623400
7.323900 0.477700
7.413500 -0.260200
6.452100 -0.292100
6.777400 -0.191700
7.342900 0.186400
7.387200 0.223100
7.449800 -0.182500
6.560800 -0.309200
6.278000 -0.275100
7.060300 0.611600
7.049500 0.488300
7.662700 -0.387600
6.977600 -0.390600
7.122100 -0.429600
7.275200 -0.036100
7.600200 0.379000
6.771400 0.042600
6.014000 -0.500300
6.330100 -0.406900
7.162400 -0.283800
7.095600 0.140300
6.504500 0.210500
6.550700 0.545200
7.272000 -0.139500
7.009300 0.077000
6.678300 -0.039500
6.655300 -1.171200
7.114500 0.041800
6.961800 0.348800
7.186600 0.066700
7.186900 0.651300
7.116100 -0.851800
7.723100 -0.263300
7.165900 0.067000
6.287800 -0.761400
6.384900 -0.161500
7.483600 -0.278400
6.779800 0.344800
7.395300 0.221500
6.786400 -0.211000
7.486800 0.241000
7.481400 0.946000
7.000400 -0.673400
6.491400 -0.000200
7.567800 -0.436800
6.398800 -0.135200
6.257300 0.422200
7.065800 -0.004300
6.916100 0.855900
7.240300 0.880600
6.510600 -0.000200
7.474200 0.561000
7.296800 0.686500
7.333600 -0.131000
6.686500 0.822100
7.312100 -0.614500
7.063200 0.210900
6.602500 0.316500
6.989300 0.380500
6.946800 0.952200
7.587400 -0.294100
7.263600 0.264000
7.590800 -0.290600
6.736000 -0.406200
7.023400 0.141000
7.197600 -0.435300
7.225500 -0.283300
7.094600 0.345900
6.474000 0.105100
7.058500 0.252800
6.777200 -0.447600
6.693400 -0.074800
7.232300 0.531100
6.967000 0.196100
6.845900 -0.344700
7.875500 -0.095400
6.316300 -0.341900
6.735100 -0.394100
7.114400 -0.976600
6.630900 0.330200
7.040000 -0.351100
6.405800 0.312800
7.193900 0.012400
7.617200 0.056300
6.827200 -0.056200
6.283300 0.583600
7.396500 0.274100
6.953300 -0.538900
7.167200 -0.102300
7.272700 -0.151200
7.023100 -0.272700
7.276700 0.127900
6.855500 -0.291700
6.962800 -1.602900
6.611500 0.242200
6.837800 -0.583100
7.141300 0.238000
8.056200 -0.513800
6.709500 0.466200
6.727300 -0.773000
7.097300 0.167400
7.401300 -0.413900
7.120800 0.216900
6.193000 -0.049000
6.932500 0.215700
6.997600 0.068500
6.844800 -0.209700
7.618300 0.280100
6.940200 0.068700
6.514900 0.379800
6.657900 -0.071100
7.752000 -0.238700
6.853600 -0.225400
6.810500 -0.351300
6.519200 0.004000
7.058500 -0.112400
7.090400 -0.026100
7.328800 -0.494400
7.446200 -0.209100
7.467300 0.278000
6.560000 -0.074100
7.072100 -0.742400
7.369000 -0.052000
6.715100 0.628500
7.517800 0.152000
7.146800 0.226800
7.319500 0.277800
7.979800 -0.039200
7.014700 -0.024400
7.154600 -0.191300
7.081300 0.415600
6.766200 0.680800
6.349900 0.282600
7.091400 -0.872200
7.255700 -0.258000
7.292100 -0.416100
7.165200 -0.468900
6.499400 0.149900
6.911000 -0.529000
7.375800 0.097400
7.057900 0.496700
6.985700 -0.044800
7.034700 -0.331300
6.939500 -0.333000
7.035500 -0.546700
6.498100 -0.132700
6.932800 0.391000
6.944600 0.131800
6.527400 -0.015600
7.129300 0.258900
6.928900 0.218800
7.293500 -0.448800
6.916100 -0.151400
7.051500 -0.075400
6.771000 0.363800
7.286800 0.134900
6.448700 -0.044200
7.228600 -0.066500
7.127800 0.518500
6.994100 0.099300
7.255200 0.361900
7.116200 -0.195500
6.819200 -0.597100
7.154200 -0.067600
7.552100 0.170500
7.125700 -0.506900
6.875800 -1.113900
6.544300 0.398800
6.875400 0.254700
7.629600 0.029500
5.886600 0.028900
6.270400 -0.180900
7.555500 -0.073700
7.782300 -0.415800
7.132300 -0.609800
7.073200 1.008000
7.186300 -0.013500
6.768800 -0.324600
6.455000 -0.330000
6.867100 0.089700
6.532300 -0.192000
7.505700 0.098000
7.559000 -0.560100
6.850000 -0.002600
7.166700 -0.476900
6.846200 0.602400
6.787300 0.642400
6.930500 0.374300
6.686600 0.381200
5.929200 0.066800
7.589200 0.415200
6.145200 -0.546000
7.296500 0.177000
7.373800 -0.534300
6.637900 0.001900
6.015200 0.211800
7.207700 -0.092800
6.925400 -0.588000
6.695800 0.637100
6.298600 -0.134300
7.126000 -0.645100
7.719300 -0.828800
6.615200 0.247500
7.463900 0.125800
6.486200 -0.448000
7.705400 -0.822200
7.777600 -0.029700
7.121800 -0.180500
7.192800 -0.090800
7.046200 -0.197600
6.782000 0.365800
7.081800 -0.205300
6.804300 0.285900
6.485600 0.078900
6.700100 0.592300
6.820800 -0.054800
6.954300 -0.747700
7.253800 0.250000
7.096300 -0.238300
6.372900 -0.210600
6.801600 -0.136500
7.209500 0.793800
7.323800 -0.686200
7.191600 -0.619400
7.082600 -0.239900
6.507200 0.210400
6.548300 -0.321100
7.082000 0.072400
6.395600 0.356200
6.655500 0.467900
6.882800 -0.105700
6.473400 0.126300
6.899300 0.541200
6.667500 0.686000
7.100800 0.397600
6.879300 0.260500
6.661500 -0.154000
6.643700 -0.770000
7.649600 -0.070600
6.747900 -0.371300
7.690100 -0.230100
6.519700 0.088100
7.033600 -0.128400
6.993200 0.050000
7.291700 -0.379600
7.152200 0.130500
6.928100 0.557500
7.073900 -0.609400
6.751500 0.140300
6.630200 -0.491100
7.310200 -1.571100
7.772900 0.153700
7.169600 0.067300
7.926900 0.464800
6.940600 0.040600
7.143600 -0.337200
6.836700 -0.091600
7.392300 -0.604900
7.223000 0.545900